Sample	0	1	2	3	4	5	6	7	8	9	10	11	12	13	14	15	16	17	18	19	20	21	22	23	24	25	26	27	28	29	30	31	32	33	34	35	36	37
ERR6913107_1	(1, 0.0)	(2, 0.0)	(3, 0.0)	(4, 0.0)	(5, 0.0)	(6, 0.0)	(7, 0.0)	(8, 0.0)	(9, 0.0)	(12, 0.0)	(17, 0.0)	(22, 0.0)	(27, 0.0)	(32, 0.0)	(37, 0.0)	(42, 0.0)	(47, 0.0)	(52, 0.0)	(57, 0.0)	(62, 0.0)	(67, 0.0)	(72, 0.0)	(77, 0.0)	(82, 0.0)	(87, 0.0)	(92, 0.0)	(97, 0.0)	(102, 0.0)	(107, 0.0)	(112, 0.0)	(117, 0.0)	(122, 0.0)	(127, 0.0)	(132, 0.0)	(137, 0.0)	(142, 0.0)	(147, 0.0)	(150, 0.0)
ERR6913107_2	(1, 0.0)	(2, 0.0)	(3, 0.0)	(4, 0.0)	(5, 0.0)	(6, 0.0)	(7, 0.0)	(8, 0.0)	(9, 0.0)	(12, 0.0)	(17, 0.0)	(22, 0.0)	(27, 0.0)	(32, 0.0)	(37, 0.0)	(42, 0.0)	(47, 0.0)	(52, 0.0)	(57, 0.0)	(62, 0.0)	(67, 0.0)	(72, 0.0)	(77, 0.0)	(82, 0.0)	(87, 0.0)	(92, 0.0)	(97, 0.0)	(102, 0.0)	(107, 0.0)	(112, 0.0)	(117, 0.0)	(122, 0.0)	(127, 0.0)	(132, 0.0)	(137, 0.0)	(142, 0.0)	(147, 0.0)	(150, 0.0)
ERR6913109_1	(1, 0.0)	(2, 0.0)	(3, 0.0)	(4, 0.0)	(5, 0.0)	(6, 0.0)	(7, 0.0)	(8, 0.0)	(9, 0.0)	(12, 0.0)	(17, 0.0)	(22, 0.0)	(27, 0.0)	(32, 0.0)	(37, 0.0)	(42, 0.0)	(47, 0.0)	(52, 0.0)	(57, 0.0)	(62, 0.0)	(67, 0.0)	(72, 0.0)	(77, 0.0)	(82, 0.0)	(87, 0.0)	(92, 0.0)	(97, 0.0)	(102, 0.0)	(107, 0.0)	(112, 0.0)	(117, 0.0)	(122, 0.0)	(127, 0.0)	(132, 0.0)	(137, 0.0)	(142, 0.0)	(147, 0.0)	(150, 0.0)
ERR6913109_2	(1, 0.0)	(2, 0.0)	(3, 0.0)	(4, 0.0)	(5, 0.0)	(6, 0.0)	(7, 0.0)	(8, 0.0)	(9, 0.0)	(12, 0.0)	(17, 0.0)	(22, 0.0)	(27, 0.0)	(32, 0.0)	(37, 0.0)	(42, 0.0)	(47, 0.0)	(52, 0.0)	(57, 0.0)	(62, 0.0)	(67, 0.0)	(72, 0.0)	(77, 0.0)	(82, 0.0)	(87, 0.0)	(92, 0.0)	(97, 0.0)	(102, 0.0)	(107, 0.0)	(112, 0.0)	(117, 0.0)	(122, 0.0)	(127, 0.0)	(132, 0.0)	(137, 0.0)	(142, 0.0)	(147, 0.0)	(150, 0.0)
ERR6913203_1	(1, 0.0)	(2, 0.0)	(3, 0.0)	(4, 0.0)	(5, 0.0)	(6, 0.0)	(7, 0.0)	(8, 0.0)	(9, 0.0)	(12, 0.0)	(17, 0.0)	(22, 0.0)	(27, 0.0)	(32, 0.0)	(37, 0.0)	(42, 0.0)	(47, 0.0)	(52, 0.0)	(57, 0.0)	(62, 0.0)	(67, 0.0)	(72, 0.0)	(77, 0.0)	(82, 0.0)	(87, 0.0)	(92, 0.0)	(97, 0.0)	(102, 0.0)	(107, 0.0)	(112, 0.0)	(117, 0.0)	(122, 0.0)	(127, 0.0)	(132, 0.0)	(137, 0.0)	(142, 0.0)	(147, 0.0)	(150, 0.0)
ERR6913203_2	(1, 0.0)	(2, 0.0)	(3, 0.0)	(4, 0.0)	(5, 0.0)	(6, 0.0)	(7, 0.0)	(8, 0.0)	(9, 0.0)	(12, 0.0)	(17, 0.0)	(22, 0.0)	(27, 0.0)	(32, 0.0)	(37, 0.0)	(42, 0.0)	(47, 0.0)	(52, 0.0)	(57, 0.0)	(62, 0.0)	(67, 0.0)	(72, 0.0)	(77, 0.0)	(82, 0.0)	(87, 0.0)	(92, 0.0)	(97, 0.0)	(102, 0.0)	(107, 0.0)	(112, 0.0)	(117, 0.0)	(122, 0.0)	(127, 0.0)	(132, 0.0)	(137, 0.0)	(142, 0.0)	(147, 0.0)	(150, 0.0)
ERR6913205_1	(1, 0.0)	(2, 0.0)	(3, 0.0)	(4, 0.0)	(5, 0.0)	(6, 0.0)	(7, 0.0)	(8, 0.0)	(9, 0.0)	(12, 0.0)	(17, 0.0)	(22, 0.0)	(27, 0.0)	(32, 0.0)	(37, 0.0)	(42, 0.0)	(47, 0.0)	(52, 0.0)	(57, 0.0)	(62, 0.0)	(67, 0.0)	(72, 0.0)	(77, 0.0)	(82, 0.0)	(87, 0.0)	(92, 0.0)	(97, 0.0)	(102, 0.0)	(107, 0.0)	(112, 0.0)	(117, 0.0)	(122, 0.0)	(127, 0.0)	(132, 0.0)	(137, 0.0)	(142, 0.0)	(147, 0.0)	(150, 0.0)
ERR6913205_2	(1, 0.0)	(2, 0.0)	(3, 0.0)	(4, 0.0)	(5, 0.0)	(6, 0.0)	(7, 0.0)	(8, 0.0)	(9, 0.0)	(12, 0.0)	(17, 0.0)	(22, 0.0)	(27, 0.0)	(32, 0.0)	(37, 0.0)	(42, 0.0)	(47, 0.0)	(52, 0.0)	(57, 0.0)	(62, 0.0)	(67, 0.0)	(72, 0.0)	(77, 0.0)	(82, 0.0)	(87, 0.0)	(92, 0.0)	(97, 0.0)	(102, 0.0)	(107, 0.0)	(112, 0.0)	(117, 0.0)	(122, 0.0)	(127, 0.0)	(132, 0.0)	(137, 0.0)	(142, 0.0)	(147, 0.0)	(150, 0.0)
ERR6913302_1	(1, 0.0)	(2, 0.0)	(3, 0.0)	(4, 0.0)	(5, 0.0)	(6, 0.0)	(7, 0.0)	(8, 0.0)	(9, 0.0)	(12, 0.0)	(17, 0.0)	(22, 0.0)	(27, 0.0)	(32, 0.0)	(37, 0.0)	(42, 0.0)	(47, 0.0)	(52, 0.0)	(57, 0.0)	(62, 0.0)	(67, 0.0)	(72, 0.0)	(77, 0.0)	(82, 0.0)	(87, 0.0)	(92, 0.0)	(97, 0.0)	(102, 0.0)	(107, 0.0)	(112, 0.0)	(117, 0.0)	(122, 0.0)	(127, 0.0)	(132, 0.0)	(137, 0.0)	(142, 0.0)	(147, 0.0)	(150, 0.0)
ERR6913302_2	(1, 0.0)	(2, 0.0)	(3, 0.0)	(4, 0.0)	(5, 0.0)	(6, 0.0)	(7, 0.0)	(8, 0.0)	(9, 0.0)	(12, 0.0)	(17, 0.0)	(22, 0.0)	(27, 0.0)	(32, 0.0)	(37, 0.0)	(42, 0.0)	(47, 0.0)	(52, 0.0)	(57, 0.0)	(62, 0.0)	(67, 0.0)	(72, 0.0)	(77, 0.0)	(82, 0.0)	(87, 0.0)	(92, 0.0)	(97, 0.0)	(102, 0.0)	(107, 0.0)	(112, 0.0)	(117, 0.0)	(122, 0.0)	(127, 0.0)	(132, 0.0)	(137, 0.0)	(142, 0.0)	(147, 0.0)	(150, 0.0)
ERR6913304_1	(1, 0.0)	(2, 0.0)	(3, 0.0)	(4, 0.0)	(5, 0.0)	(6, 0.0)	(7, 0.0)	(8, 0.0)	(9, 0.0)	(12, 0.0)	(17, 0.0)	(22, 0.0)	(27, 0.0)	(32, 0.0)	(37, 0.0)	(42, 0.0)	(47, 0.0)	(52, 0.0)	(57, 0.0)	(62, 0.0)	(67, 0.0)	(72, 0.0)	(77, 0.0)	(82, 0.0)	(87, 0.0)	(92, 0.0)	(97, 0.0)	(102, 0.0)	(107, 0.0)	(112, 0.0)	(117, 0.0)	(122, 0.0)	(127, 0.0)	(132, 0.0)	(137, 0.0)	(142, 0.0)	(147, 0.0)	(150, 0.0)
ERR6913304_2	(1, 0.0)	(2, 0.0)	(3, 0.0)	(4, 0.0)	(5, 0.0)	(6, 0.0)	(7, 0.0)	(8, 0.0)	(9, 0.0)	(12, 0.0)	(17, 0.0)	(22, 0.0)	(27, 0.0)	(32, 0.0)	(37, 0.0)	(42, 0.0)	(47, 0.0)	(52, 0.0)	(57, 0.0)	(62, 0.0)	(67, 0.0)	(72, 0.0)	(77, 0.0)	(82, 0.0)	(87, 0.0)	(92, 0.0)	(97, 0.0)	(102, 0.0)	(107, 0.0)	(112, 0.0)	(117, 0.0)	(122, 0.0)	(127, 0.0)	(132, 0.0)	(137, 0.0)	(142, 0.0)	(147, 0.0)	(150, 0.0)
ERR6913331_1	(1, 0.0)	(2, 0.0)	(3, 0.0)	(4, 0.0)	(5, 0.0)	(6, 0.0)	(7, 0.0)	(8, 0.0)	(9, 0.0)	(12, 0.0)	(17, 0.0)	(22, 0.0)	(27, 0.0)	(32, 0.0)	(37, 0.0)	(42, 0.0)	(47, 0.0)	(52, 0.0)	(57, 0.0)	(62, 0.0)	(67, 0.0)	(72, 0.0)	(77, 0.0)	(82, 0.0)	(87, 0.0)	(92, 0.0)	(97, 0.0)	(102, 0.0)	(107, 0.0)	(112, 0.0)	(117, 0.0)	(122, 0.0)	(127, 0.0)	(132, 0.0)	(137, 0.0)	(142, 0.0)	(147, 0.0)	(150, 0.0)
ERR6913331_2	(1, 0.0)	(2, 0.0)	(3, 0.0)	(4, 0.0)	(5, 0.0)	(6, 0.0)	(7, 0.0)	(8, 0.0)	(9, 0.0)	(12, 0.0)	(17, 0.0)	(22, 0.0)	(27, 0.0)	(32, 0.0)	(37, 0.0)	(42, 0.0)	(47, 0.0)	(52, 0.0)	(57, 0.0)	(62, 0.0)	(67, 0.0)	(72, 0.0)	(77, 0.0)	(82, 0.0)	(87, 0.0)	(92, 0.0)	(97, 0.0)	(102, 0.0)	(107, 0.0)	(112, 0.0)	(117, 0.0)	(122, 0.0)	(127, 0.0)	(132, 0.0)	(137, 0.0)	(142, 0.0)	(147, 0.0)	(150, 0.0)
ERR6913333_1	(1, 30.0)	(2, 0.0)	(3, 0.0)	(4, 0.0)	(5, 0.0)	(6, 0.0)	(7, 0.0)	(8, 0.0)	(9, 0.0)	(12, 0.0)	(17, 0.0)	(22, 0.0)	(27, 0.0)	(32, 0.0)	(37, 0.0)	(42, 0.0)	(47, 0.0)	(52, 0.0)	(57, 0.0)	(62, 0.0)	(67, 0.0)	(72, 0.0)	(77, 0.0)	(82, 0.0)	(87, 0.0)	(92, 0.0)	(97, 0.0)	(102, 0.0)	(107, 0.0)	(112, 0.0)	(117, 0.0)	(122, 0.0)	(127, 0.0)	(132, 0.0)	(137, 0.0)	(142, 0.0)	(147, 0.0)	(150, 0.0)
ERR6913333_2	(1, 0.0)	(2, 0.0)	(3, 0.0)	(4, 0.0)	(5, 0.0)	(6, 0.0)	(7, 0.0)	(8, 0.0)	(9, 0.0)	(12, 0.0)	(17, 0.0)	(22, 0.0)	(27, 0.0)	(32, 0.0)	(37, 0.0)	(42, 0.0)	(47, 0.0)	(52, 0.0)	(57, 0.0)	(62, 0.0)	(67, 0.0)	(72, 0.0)	(77, 0.0)	(82, 0.0)	(87, 0.0)	(92, 0.0)	(97, 0.0)	(102, 0.0)	(107, 0.0)	(112, 0.0)	(117, 0.0)	(122, 0.0)	(127, 0.0)	(132, 0.0)	(137, 0.0)	(142, 0.0)	(147, 0.0)	(150, 0.0)
